IMG_9397_jpg.rf.d89cb5801aa179948a361f097c57041d.jpg 198,180,328,197,1
IMG_9528_jpg.rf.defb4506e08397074d87e399d9280bd2.jpg 247,239,261,254,7
PXL_20210316_124333001_jpg.rf.eda190f50591fb8ee515faa623451d84.jpg 88,194,131,206,4
IMG_9444_jpg.rf.e40f975682d1966f8b0aeed98485550c.jpg 210,169,309,225,0
IMG_9461_jpg.rf.dc28c801e4d028da56cc5ac99e81d20e.jpg 193,187,304,207,1
IMG_9429_jpg.rf.d4d4eaf0ab25ec919483ee8d1eed10e3.jpg 105,206,279,226,1
IMG_9483_jpg.rf.eb4fb170b357e2971745395d480d9437.jpg 130,180,331,191,1
IMG_9422_jpg.rf.e8afe86b972ab0d4fa9818a748464a1c.jpg
IMG_9355_jpg.rf.f0039b3f1b451a59614b43303e229411.jpg 71,179,406,203,1
PXL_20210307_214756110_jpg.rf.f26a40c255aa55f94937f9bc0dd0ae21.jpg 224,256,268,283,2
PXL_20210302_151051087_jpg.rf.ec16b5e0291d71c29f5c04c358af95af.jpg 189,256,250,271,0
PXL_20210308_180206875_jpg.rf.ec652373b261b7de6831f73333e908f4.jpg 90,250,150,291,2
PXL_20210226_181746288_jpg.rf.d9272d85a7987d48d7f4dae980b59807.jpg 116,228,337,283,2
IMG_9337_jpg.rf.eae488401de41e48e8916f001d9acc0a.jpg 259,231,329,263,1 22,240,260,261,1
IMG_9458_jpg.rf.f29812a0015d03a65460bff259203ce4.jpg 190,181,310,200,1
IMG_9287_jpg.rf.e642f82289d8365b8b6b1009d79bf9ec.jpg 53,231,367,252,1
PXL_20210303_181913117_jpg.rf.dc1354e97e9199104b4868f54f0e58ca.jpg 165,230,416,257,1
IMG_9289_jpg.rf.ef54ec091382be1309fef14d979f460d.jpg 188,218,349,249,8
PXL_20210228_173504992_jpg.rf.e33ad25725e37b0da0d59b8aca198be9.jpg 168,262,303,335,0
PXL_20210316_123634319_jpg.rf.f56ea90c8b3bad7071572cd397267f99.jpg 201,221,245,238,4
Best-Pothole-Repair-Practices-In-Canada_jpg.rf.de66a8067d319b6976bc8cbbca9e6349.jpg 161,106,215,125,5 78,147,205,180,5 110,194,290,263,5 69,268,383,398,5
IMG_9259_jpg.rf.e0325d21a21191f3d4eccf94ec46a80e.jpg 75,199,373,212,1
PXL_20210227_033601061_jpg.rf.e47039628c5e5430c6bf703740c1fa29.jpg 211,218,314,236,1 42,272,249,321,0
IMG_9362_jpg.rf.dbcd1135300f2ec5f96f8e79f63e912c.jpg
PXL_20210302_151332122_jpg.rf.f545c7aa50a668e84879cc21ac08c5dd.jpg 93,232,296,247,1
PXL_20210307_180919576_jpg.rf.f577322108c9e4338f98f4a88820b4d6.jpg 156,279,253,310,0
IMG_9248_jpg.rf.dd1a7045b18fdcdd972d3866f15ca795.jpg
PXL_20210301_225705036_jpg.rf.d60598d52bf934e2b16a812d70de6fda.jpg 136,231,302,251,0
IMG_9428_jpg.rf.f455fef2a792f7cbf03666bfcca9ad5f.jpg 250,210,355,229,8 106,213,237,230,1
PXL_20210316_124254967_jpg.rf.f6b8c933d35e16b6addbfff83709b5d9.jpg 58,208,115,225,4
PXL_20210223_230708706_jpg.rf.fa2ef679a956512a58c994be234ff795.jpg 4,216,314,257,1
PXL_20210303_011350161_jpg.rf.ddee83437fc1598026358d99987fbc56.jpg 46,281,368,305,1 339,286,415,375,0 0,292,126,401,0
IMG_9359_jpg.rf.d4b75bcb4783c7ff4cda4a30ac70cfe8.jpg 214,191,303,205,1
IMG_9363_jpg.rf.fbd8c1c376511b5fc2335202dbcec4fd.jpg 169,176,189,234,8
download_jpeg.rf.faea5273cc021064b112c42cc2f52612.jpg 30,96,395,219,5
IMG_9367_jpg.rf.fab32cf0f7a8a3da969bf4f2855e7363.jpg 77,226,356,250,1
stock-photo-road-sidewalk-fallen-tree-trees-houses-wooden-fence-ice-crystals-snow-pack-condominiums-3085046f-5991-4655-886d-66d8cfe71d3b_jpg.rf.fc9bcf976892f359c638d31006eda95e.jpg 86,255,236,319,2
IMG_9276_jpg.rf.f320d894ca803259a41571039c28a95c.jpg 89,200,414,302,2
IMG_9334_jpg.rf.f5bacc42940203f754bfa5dafb197d6a.jpg 54,225,175,238,1
IMG_9465_jpg.rf.f9f718c409210f183fb1406ee56f1be3.jpg 2,221,170,340,0
PXL_20210302_150231221_jpg.rf.ff9126265b0e84c476d8809e1a70507e.jpg 201,251,292,288,0
IMG_9401_jpg.rf.fcfdf5be092e6716c631533baf056d49.jpg 122,173,354,203,1
PXL_20210316_143036215_jpg.rf.fd12ef5ea91bd9772bc155675a413291.jpg 230,198,237,205,7 222,208,233,214,7 187,219,199,229,7 263,222,274,232,7 176,237,191,252,7
PXL_20210212_171110133_jpg.rf.fe7336694e08c04187052fe97e631b79.jpg 57,216,319,251,0
PXL_20210219_174659869_jpg.rf.ff3c3c86ff294b27952658d5b529760f.jpg 152,230,243,327,8 249,282,391,407,8
PXL_20210307_215806035_jpg.rf.fec6bdad7d914341fc490cce7df94748.jpg 97,276,308,297,1
IMG_9282_jpg.rf.02c1b2714756fa8b47056f1c42f1ae2e.jpg
PXL_20210307_181259481_jpg.rf.01c30be8474b8cbf96add74ca0397507.jpg 76,278,234,293,1
PXL_20210226_183152053_jpg.rf.049a1f783c75f655b9c5fb4bb6300e8f.jpg 187,231,251,252,2
IMG_9256_jpg.rf.0de1fd060c498d4b6e1150cdbd37531f.jpg 117,201,344,212,1
IMG_9261_jpg.rf.02ac8adfdea635bfd34c15f029731c40.jpg 88,141,160,174,3 273,143,328,171,6
PXL_20210219_174210166_jpg.rf.0f9ef6ec2f90b7f6e3d6dc245db8fa25.jpg 3,203,400,244,1
PXL_20210227_033501095_jpg.rf.01261d968ddc0fe84d3451dd46b7ef4d.jpg 40,237,374,271,1
shutterstock_626273606-0_jpg.rf.09a9acf5cd4fd71c7e1821b82dfb8f49.jpg 105,236,380,362,5
PXL_20210228_173733090_jpg.rf.0a05274e375263d8eacd838f7da9e99b.jpg 106,244,357,284,1
IMG_9437_jpg.rf.10aa5a8a47a8f2966a6a45e50569185c.jpg 154,215,257,229,0 243,240,406,301,0
IMG_9426_jpg.rf.12975514df5ce72205d8f4c51262891c.jpg 143,215,304,260,0
rocks_jpg.rf.163d39168f45c44a22ba8463bf314a6a.jpg 191,117,267,239,7 101,142,191,239,7
IMG_9475_jpg.rf.13407da487be0f0f36e91b7887fcbeaf.jpg 202,221,387,247,1
PXL_20210303_011257870_jpg.rf.0becee5a67e57c1e845bb7fb73c8f7f8.jpg 125,223,337,281,0
PXL_20210222_163308167_jpg.rf.0ffc8f395e861af68dca4867ab83dbea.jpg 58,259,405,304,1
IMG_9404_jpg.rf.0334128a60dd42d7f7926cad8b3884a9.jpg
PXL_20210223_223505964_jpg.rf.0003aea3c055166dc5558453ade7cb8e.jpg 73,237,264,266,1
PXL_20210223_223452981_jpg.rf.18ac0b8c87dac28220e579e049c91298.jpg 132,192,300,224,1
IMG_9360_jpg.rf.16ae0f7f8bcd9a408c59b7e0ef1be987.jpg 159,196,188,202,1 240,208,311,222,1 202,217,239,222,1
PXL_20210302_150002877_jpg.rf.2334afde6684a7f829f6c7e5545067e5.jpg 173,213,211,236,0 201,223,237,236,0 197,235,251,263,0
IMG_9263_jpg.rf.1afae74750705c4f2dbcf895a71121a0.jpg
IMG_9399_jpg.rf.1b81f02c66bdf2b9d0f1804d2dea97b6.jpg 164,203,372,237,1
iStock-136736843_jpg.rf.23355e7f01e37e626817041d627486c1.jpg 70,142,283,224,0
IMG_9339_jpg.rf.1d5c778b6f6fde112f74516aa05e94ad.jpg 82,229,378,241,1
PXL_20210228_173412938_jpg.rf.08a7c88f6c503ef0dd76c1f296d93d97.jpg 71,253,317,274,1
PXL_20210303_010543889_jpg.rf.23c65dde8df4abe78e17ab6a31f5ce41.jpg 79,250,313,272,1
PXL_20210307_181312522_jpg.rf.166843266853b9667c264c08f587aa95.jpg 214,206,231,215,0 167,252,199,269,0
IMG_9407_jpg.rf.2616c43a1c43775752b40357d0e56a59.jpg 168,234,257,260,2
PXL_20210228_173748536_jpg.rf.23fbd5ce1f7bf1606727c48d8a1dfdab.jpg 166,205,334,245,1
PXL_20210223_230023404_jpg.rf.18656a6e66b3da04fb357a196c82d3a8.jpg 52,207,280,230,1
PXL_20210316_123300874_jpg.rf.2968eaacbd2cd6d539c99432837f7691.jpg 99,217,105,220,7 96,223,101,227,7 194,240,206,249,7 57,247,64,253,7
IMG_9421_jpg.rf.20108a4a1f62af61507aaa9c638232b3.jpg 164,188,280,199,1
IMG_9243_jpg.rf.2cd5a5384c5ee3bad7effd9472f6f491.jpg 44,196,346,214,1
IMG_9474_jpg.rf.0746d95934d8f9ae07e34f8bad03a957.jpg 197,186,275,196,1
PXL_20210312_181502302_jpg.rf.2f8619064bd7d2a6644718099a04a5c5.jpg 166,227,228,258,2
PXL_20210302_150242681_jpg.rf.2de4a590f6743c347a30d9a2ca780dc7.jpg 147,220,254,229,0 71,237,355,290,0
IMG_9254_jpg.rf.2da1a3dc9884fdb61adcee7bab388242.jpg 47,188,415,215,1
PXL_20210228_173744071_jpg.rf.29273287164632aa36bece587a7a216e.jpg 103,256,334,290,1
IMG_9529_jpg.rf.2773d9f6e7b98db0ed235e8f4db7b0d9.jpg 161,210,174,224,7
PXL_20210226_183044551_jpg.rf.36151509b8d4dbad0d329fe9dbb09e30.jpg 184,223,397,288,2
IMG_9436_jpg.rf.338f4ffdfff75a82ccc48ba1b6557a49.jpg 196,210,255,239,8 154,255,196,288,8
PXL_20210307_181002063_jpg.rf.3ae1e454ae7aaa1ab1aed256365bbbc4.jpg 164,296,282,331,0
PXL_20210226_181922413_jpg.rf.3f2d0bd0345e800dfc403c3aca40fc0c.jpg 77,191,302,223,1
PXL_20210226_183055083_jpg.rf.2ccb92a11c8a1fb4f4612116551bd0fa.jpg 131,257,268,290,2
PXL_20210222_165535312_jpg.rf.36d9be0c98d8ff90575e6670095794d5.jpg 175,263,286,311,0
IMG_9347_jpg.rf.2c7b2ac2e7c636a5f3780eb798a1d076.jpg 275,158,339,197,2
PXL_20210311_214227797_jpg.rf.3f2eb74e9b4e05ab7252050e6b34aa43.jpg 81,211,94,221,7
IMG_9432_jpg.rf.35b42d647b92b4a13233cacf34cce77e.jpg 187,211,333,226,1
PXL_20210208_185742372_jpg.rf.3f10c59109f81f13519e846b339752dc.jpg 63,193,349,214,1
PXL_20210226_181754241_jpg.rf.30e169b1382ca2fb82f7ad83c4ec086a.jpg 73,205,299,289,2
PXL_20210228_172919053_jpg.rf.35357a6c64a8a3e8b21982aefb65c389.jpg 57,231,299,267,1 60,239,216,294,2
DSC00711_jpg.rf.3dad41e3d1226d523878f7261415fce8.jpg 274,230,315,260,6 92,232,131,261,3
PXL_20210226_183250020_jpg.rf.47012eb73cbd24d7dba9cf003c580afb.jpg 130,205,320,265,0
IMG_9433_jpg.rf.24e6acbd79bba5e76ac48b57c774de0e.jpg 289,195,393,228,2 88,209,355,290,0
IMG_9406_jpg.rf.45e2951434f1a08ee64bcae678b33d1f.jpg 127,222,270,249,0
istockphoto-96921064-612x612_jpg.rf.43248cf8a6af27d800cd76f47a3da522.jpg 31,72,394,242,0
PXL_20210222_165603519_jpg.rf.2e892b8beb27d3ba8d126f1e4175f00b.jpg 149,164,216,256,3
IMG_9358_jpg.rf.3fc0f5ed05636b1f736834bee44dc278.jpg 35,230,260,257,1
IMG_9425_jpg.rf.4175a1d361555fe26540b88ce0b31a3d.jpg 192,219,335,238,1
PXL_20210302_150259224_jpg.rf.3ae3f6b2b15b748e719b16a542e1a5e3.jpg 117,249,363,286,0 329,278,416,355,0
PXL_20210303_010535674_jpg.rf.436ab4bd7bbc0f1021ae4cc697faae26.jpg 68,209,301,229,1
IMG_9456_jpg.rf.3f7895230c17c13f2612d42481b2ff89.jpg 109,179,243,194,1
PXL_20210316_143117717_jpg.rf.43526ccb0fa0cda2ba410332e84171df.jpg 182,236,190,244,7
PXL_20210316_123348034_jpg.rf.43df114b571dd357c6bf781a4737783b.jpg 106,199,114,205,7
PXL_20210316_123330238_jpg.rf.47c33f666e30fb8cd7b6555619128168.jpg 250,256,260,266,7
IMG_9353_jpg.rf.2f3142d19241a0648b20c517b9397752.jpg
PXL_20210311_214207642_jpg.rf.45b0d99e3d0dba5c79c88c5894333646.jpg 223,240,241,260,7
IMG_9264_jpg.rf.4b73a77f87c669cbb48ae5466c509d8d.jpg
IMG_9335_jpg.rf.4e916ea24a197257d3821f2fabc1cf6e.jpg 30,220,144,237,1
PXL_20210316_124321333_jpg.rf.4a1caf22c60591934a91fe9bba482fe2.jpg 209,215,256,231,4
PXL_20210316_141229424_jpg.rf.4f69bd68f06844404936436734605fdc.jpg 200,177,202,179,2 198,210,201,213,7 205,239,214,246,7
PXL_20210226_181909136_jpg.rf.4def5a76549dc6c6f6a668b6c05c40e2.jpg 96,196,327,269,0
PXL_20210307_215745860_jpg.rf.472602a001f5d3aebca22e5d36e374e8.jpg 204,201,318,238,2
PXL_20210311_214212986_jpg.rf.53ad4f73a0f7d33fd095b5e7216b42b4.jpg 238,215,248,225,7
IMG_9435_jpg.rf.53eb55ec70e9cfabe6d7b39743302d94.jpg 80,187,387,274,0
PXL_20210316_141153841_jpg.rf.4b39f953c25ec2471f419d23939d273d.jpg 180,203,187,210,7 224,213,229,217,7 228,231,233,237,7
IMG_9464_jpg.rf.56f07d2a3b9a00190e08e44fbc5b5789.jpg 142,193,304,214,1
IMG_9405_jpg.rf.4fd5e983fe72a01207dc1a826526a4e3.jpg 202,171,252,179,1
PXL_20210312_182902751_jpg.rf.510c0115ed577d7e9add1d5d5e0c41db.jpg 234,210,250,225,6 137,214,154,228,3
PXL_20210307_180911327_jpg.rf.50e87ab1b407ea1ad533c4db21574e4f.jpg 178,227,247,283,8
PXL_20210208_190326695_jpg.rf.592d32a36ed63b776c19a014308705cb.jpg 94,230,334,279,0
PXL_20210226_183130670_jpg.rf.60e2bacec1aa2258c0bdbb3e8cc1f5e5.jpg 161,226,263,259,2
IMG_9277_jpg.rf.57fd0b85c92c05ecaf68ebb157435c31.jpg 22,166,319,291,2
PXL_20210307_181423380_jpg.rf.4ee2db50ba41b0986549b03bfab45347.jpg 229,237,286,264,7
IMG_9296_jpg.rf.5b6bfab9667c900887b3b1d1cf9a6c31.jpg 52,203,416,254,2
PXL_20210223_221824051_jpg.rf.5a9f5af113207fe98a3ae033677b22ec.jpg 76,199,280,228,1
shutterstock-fall-caused-by-broken-sidewalk_jpg.rf.5856449ce80ea91dc07842a30674fb2a.jpg 142,106,416,293,5
PXL_20210302_145943536_jpg.rf.54c3eaad216ad47bf1028c2b8fb843e8.jpg 166,200,210,226,8
PXL_20210302_134154761_jpg.rf.5aac72a18f482103fbe9030335e3487d.jpg 193,202,241,228,2
IMG_9336_jpg.rf.5a1a1c23b5bb880304a62ec47f16612c.jpg 26,241,320,258,1
PXL_20210222_163306288_jpg.rf.5d72f53925196872c5e1cd47b7c4180b.jpg 49,226,413,278,1
PXL_20210228_172940624_jpg.rf.54ed64e5e0918d4cdd766ca96ea37d10.jpg 68,252,314,272,1
PXL_20210226_181954622_jpg.rf.64cf4e1abb0b742e5cd08fa8030632b6.jpg 253,170,312,229,6 86,166,156,235,3
IMG_9247_jpg.rf.62c8be61ba4b197c58fee5a944f45b91.jpg
PXL_20210308_010947770_jpg.rf.532507c4b6c9ed18674d1e0af299f79a.jpg 163,239,190,256,7
IMG_9459_jpg.rf.5d7b920b11022190c53a457585e47f40.jpg 192,178,309,207,1 15,211,171,237,2
PXL_20210228_173324298_jpg.rf.618450e83347f666afcbd99229e9b1b4.jpg 160,293,273,315,0
PXL_20210223_230050907_jpg.rf.62b0b9f5b0acbe3536619495a5a0bd9f.jpg 50,245,330,281,1
IMG_9476_jpg.rf.60552b95cc1219d3afae903872c7e203.jpg 111,215,254,233,1
IMG_9473_jpg.rf.6469c340cb7adaaaf41770ba6fc626de.jpg 142,227,284,243,1
PXL_20210313_205132793_jpg.rf.71054315e88d3b25ff59be62d1fa2425.jpg 146,177,186,192,2 171,179,341,215,2 261,267,277,284,7
IMG_9466_jpg.rf.5b106c000b1f5aa74f97bb6168afcdf1.jpg 85,216,320,228,1
PXL_20210307_215335742_jpg.rf.687ecb4d71925d5333747244f5dd9e8a.jpg 84,209,297,227,1
IMG_9244_jpg.rf.65ad38864a5907c829764cca68176b57.jpg 32,250,232,270,1
PXL_20210316_143052338_jpg.rf.6e8c1ca81ee490b5aaa91e7e743b1fde.jpg 177,244,186,254,7 116,250,126,259,7 171,255,180,263,7 128,266,139,276,7 94,290,105,300,7
IMG_9288_jpg.rf.648ea4d40e8da7d810b39ebf553af8f1.jpg 66,204,373,235,1
PXL_20210316_124931862_jpg.rf.6bdc4866e6fa850e5a7c740d259a7ffa.jpg 189,228,206,232,4
IMG_9400_jpg.rf.74325437d659a18b31ad76a0d0d1cec6.jpg 108,208,311,221,1
how-to-repair-cracked-concrete-678x381_jpg.rf.77c9bcd367942862e42fb4af21113d2b.jpg 26,54,254,220,0
IMG_9434_jpg.rf.688b7893ffe5e84223fd6b35d79082be.jpg 205,178,261,186,0
PXL_20210209_152240603_jpg.rf.7c6a83fc0ba2387af390a1fae0c1353c.jpg 41,205,347,232,1
IMG_9457_jpg.rf.72f939b60deb5f33f29c2663513a3b2e.jpg 117,184,237,198,1
IMG_9273_jpg.rf.67a0e3e01b40abfdcee58634ac418386.jpg 13,272,279,296,1
IMG_9445_jpg.rf.6746d1b17c3116b8cc0971916b6b3b60.jpg 84,239,372,342,5
IMG_9328_jpg.rf.7b58ce3f417d8788f1f8fa899acce6bf.jpg 48,190,386,218,1
PXL_20210226_183019809_jpg.rf.7f8b7268e5c816c64c395019eef1bf9c.jpg 89,212,250,226,1
IMG_9413_jpg.rf.7a64de2a1a61d2a09acc708435b3cb5a.jpg 178,211,265,241,2
PXL_20210301_170739784_jpg.rf.7b02b000710c526d9c78ca9f1c99e293.jpg 70,183,290,203,1
IMG_9423_jpg.rf.74e921229b69704acea821148d1440bb.jpg 152,227,310,268,0 15,246,173,333,0
IMG_9460_jpg.rf.8315ed0e24362814cb4a7585cd2ac088.jpg 163,173,255,202,1 0,248,224,346,0
PXL_20210313_205053568_jpg.rf.7ef842ac05789ee1768dacde3318c1b9.jpg 192,242,285,309,2
IMG_9408_jpg.rf.7f332595af04bdd3b02eaf17364ece0c.jpg 119,209,179,259,2
IMG_9370_jpg.rf.817745fd479c5a72b85cc8726da98db3.jpg 46,243,279,303,0 280,269,415,373,0
IMG_9250_jpg.rf.7e773b30b81c091888d2bab6c31281a9.jpg 55,180,366,207,0 188,75,249,79,8 203,102,230,110,8
IMG_9482_jpg.rf.7f35cdf505e3de2bbf9123a464f68b42.jpg 126,186,347,214,1
IMG_9479_jpg.rf.83bff2447ccc8456e132464a3dc9e21b.jpg 98,212,326,241,1
IMG_9442_jpg.rf.6fed68f75d17f01dce562407df164492.jpg 158,199,220,233,2
IMG_9299_jpg.rf.7eaf00343a33ccf82f9af0219c88f132.jpg 212,185,281,214,2
IMG_20210305_143913_jpg.rf.846b05cddaf774251a30653b88b853b8.jpg 137,189,279,204,1 194,195,211,204,2 253,250,343,309,2
PXL_20210208_184407167_jpg.rf.86e613cf615125b8a4290ce4594b749c.jpg 17,236,354,275,1
_106177565_pothole_jpg.rf.66d87ed17d7fa50074cde643fae2a04b.jpg 146,169,288,234,5 28,239,405,400,5
IMG_9439_jpg.rf.88e57b35679edf389037ea6b42d4453a.jpg 167,212,220,242,2
IMG_9297_jpg.rf.8426ca75ce0b269e9d732d690ce3e4fc.jpg 151,178,328,201,2
PXL_20210209_134346517_jpg.rf.8608eea32eb2f35c3d799ff7c49b9258.jpg 105,226,293,262,1
car-and-pothole_jpg.rf.857105778a24ea70c0b86b3eb1ed7ca6.jpg 48,195,220,380,5
PXL_20210208_185908534_jpg.rf.855ee8f36f81b2aec3bfa3f1e385d79e.jpg
PXL_20210302_134749343_jpg.rf.826f34f8db61f04a2925224da8c46006.jpg 95,198,269,224,1
IMG_9403_jpg.rf.87ab2e113af55d9fdc751c5530d0c0b2.jpg
IMG_9403_jpg.rf.8a68877d49735489e519f1a69968e27d.jpg
IMG_9369_jpg.rf.8b2b4c826373a6fb5fdc7cd5d20a4c20.jpg 111,173,411,415,8
PXL_20210223_230139188_jpg.rf.918218e4d13ac2e97f7230bd863c011d.jpg 4,223,342,279,1
gettyimages-183851840_jpg.rf.8c36a6320d6df8b139937c97cc6f9518.jpg 79,165,321,338,5
PXL_20210228_172932178_jpg.rf.91a9b4fdb3e97921ee0390b2aa33dbcc.jpg 81,216,303,240,1
PXL_20210303_011313115_jpg.rf.936e926a0892aebe944b88a406e23a55.jpg 139,228,274,243,0 216,242,335,299,0
PXL_20210222_165507539_jpg.rf.905fe0dc2f139321cbb5b837c3b963d5.jpg 55,183,330,218,1
IMG_9431_jpg.rf.8d1db1213e65d3d913d6909663bba453.jpg 197,167,258,175,1 128,184,192,198,1 116,196,292,236,0
PXL_20210222_164933823_jpg.rf.9591b7df2319bb23df291fa58dac057e.jpg 57,168,373,208,1
PXL_20210302_150249313_jpg.rf.920e2b023e472473a4948c4dd436c69c.jpg 135,249,378,335,0
IMG_9480_jpg.rf.8dd4512874682430959d004b91a805d8.jpg 207,187,330,206,1
PXL_20210225_102245439_jpg.rf.8e96cd3cc68c1f483fb36d05ffdc5408.jpg 1,239,385,283,0
IMG_9530_jpg.rf.92715feb9c86edfb21aa18f5d7d7ad9c.jpg 248,201,260,213,7
IMG_9420_jpg.rf.8c6d9da84b26c59b37aca8a86b35cfb4.jpg 65,208,221,250,0 205,213,347,333,0 347,250,415,415,0 289,334,351,408,0
IMG_9443_jpg.rf.8c66071c341e9a1b15ac6fa854550ada.jpg 191,191,299,210,1
IMG_9430_jpg.rf.98042ee8dc27ebb0a28e35de73c0402c.jpg
IMG_9364_jpg.rf.a2698039e204d523766ba256898fddd6.jpg 225,204,333,213,1 163,210,228,320,1 104,320,181,415,8
PXL_20210302_150521062_jpg.rf.9996bb3c7fb526bd8a58e18b6e91f401.jpg 181,262,268,285,0
IMG_9346_jpg.rf.9da2237e12c373e74c0a35e6a90e7ef1.jpg 253,175,294,201,2
IMG_9412_jpg.rf.8b8e38079cc7f14fddc17e26caf290b6.jpg 148,226,279,249,2
PXL_20210224_092157994_jpg.rf.8598360172d13c51d017591663496ced.jpg 13,200,337,233,1
curb-repair-1a_jpg.rf.acb3239c9dad140cc92a41b853015323.jpg
PXL_20210302_150749053_jpg.rf.a75b4e6bef7966a7906d5017c584be68.jpg 70,249,316,265,1
1112_n13_eta_villages_jpg.rf.a8fdd19a7e03d7952bc80f2331847bec.jpg 157,204,265,239,2 66,287,256,414,2
PXL_20210222_165542516_jpg.rf.a35835b0cddc6d0fdef564c1be43c18d.jpg 167,216,238,252,0
PXL_20210316_123658679_jpg.rf.ac3868886be9e06dcdf6930d68ddc12b.jpg 201,210,220,215,4
PXL_20210301_171836684_jpg.rf.a578d1744ec4acfdd4777675af5090e6.jpg 141,212,257,300,2
PXL_20210301_172002240_jpg.rf.9da2818445822a92273fec39aa4fbd5a.jpg 240,207,254,219,2 217,212,242,224,2 221,263,268,284,2
5d0212f1-c265-48af-badd-83b42e587363-large16x9_TreeBranchesDown_jpg.rf.ac018d35745ea8eeff327b6b19671120.jpg 0,107,306,257,2 121,252,237,367,2 235,308,307,334,2
IMG_9366_jpg.rf.a48db113f1a334bd27a8a4e9a25ee9fa.jpg 199,194,234,224,8 245,196,363,248,0 135,213,169,249,8 225,217,249,248,8
PXL_20210302_151441603_jpg.rf.ad0d08bf6b94fc116f3c3a3f5e9ee04a.jpg 143,249,281,288,0 306,282,416,331,0
PXL_20210316_141248491_jpg.rf.9b08ac74ebec02620ad88430d5c04fd0.jpg 150,218,166,239,2
PXL_20210218_201508887_jpg.rf.a83cbc5e31fb134756272b2917bfa06a.jpg 53,236,308,277,1
PXL_20210212_170857040_jpg.rf.9e98a7d58dcca1326d46005dbf73c466.jpg 87,231,290,251,1
PXL_20210209_133627868_jpg.rf.af437acf42f879c81493e421291d8e29.jpg 3,195,178,290,2
IMG_9417_jpg.rf.ae25fd818aa4050cc02e3e87eb6fafe9.jpg 91,171,121,194,3
IMG_9341_jpg.rf.aac7257beb9788aa5e0d483cb8211863.jpg 77,190,236,253,2
IMG_9275_jpg.rf.9e84f0f605ec730e27dd910b7d55fad0.jpg 0,193,349,225,2
IMG_9354_jpg.rf.ada7c51e97c9d155a50edd66bcd6459f.jpg 162,193,345,209,1
PXL_20210303_011306910_jpg.rf.ae858fd7c167d215488433e386c64449.jpg 169,247,222,256,0 125,258,289,282,0 216,287,415,402,0
PXL_20210223_225816499_jpg.rf.a2f803a3203744ba5d096338edcac426.jpg 105,162,287,194,1
PXL_20210301_172020003_jpg.rf.ad723c8a59cd4ea71d606309f400c6f9.jpg 125,240,157,264,7
PXL_20210316_143041883_jpg.rf.9d8d26aa7967c7ecce6b49263dae0164.jpg 235,206,239,209,7 229,210,235,214,7 250,214,256,220,7 208,215,214,220,7 203,220,210,228,7
PXL_20210212_172232619_jpg.rf.bb6ee7d273e0616a62b3471112195cb0.jpg 68,209,416,250,1
PXL_20210226_181846534_jpg.rf.bedebbd867a2791018e6188b0678a7f2.jpg 156,199,268,242,0
PXL_20210307_215714947_jpg.rf.c15b7d00f9c18ebc49c1ed45038ebff4.jpg 197,200,207,203,8 199,206,215,211,8 218,208,235,215,0 194,212,211,218,8 170,217,186,223,8 211,228,234,243,8 177,233,211,247,8 135,238,175,262,8
PXL_20210228_173854757_jpg.rf.b34b1fc1e42453092afd9f068850e672.jpg 172,231,321,263,1
PXL_20210209_134547217_jpg.rf.b075fd22db497b915e5e6a8f77cc94b2.jpg 71,215,334,245,1
IMG_9469_jpg.rf.be087c2ecda07dc0709b4c60f1b1e232.jpg 227,192,272,220,0
PXL_20210228_173917600_jpg.rf.aef53f1057e808b1703fa3416d9129b0.jpg 182,199,270,219,4
PXL_20210310_192222772_jpg.rf.bf38db4dbc0e923585df07c796ff478c.jpg 163,230,262,257,4
IMG_9270_jpg.rf.c11c4187d6f1248f444bc01b0f4c82a7.jpg 201,186,238,205,8 245,181,286,213,8 235,218,269,263,8 0,210,227,331,0
PXL_20210208_190338702_jpg.rf.bd7b5256cde9f26376fa3521a957af35.jpg 163,143,327,168,0 154,229,283,276,0
PXL_20210312_225546722_jpg.rf.b74e4a0690c2f9ebe4bd69c703e28f61.jpg 253,216,274,233,6 141,217,162,240,3
PXL_20210222_165531051_jpg.rf.b5ae01c7d565b81a56d9d7e43a3b0aaf.jpg 184,232,254,309,0
PXL_20210307_181405809_jpg.rf.bd403706027deab3e2fbe0ce592f35e5.jpg 284,248,343,269,0 131,247,167,272,0 209,258,246,272,8 167,259,186,273,7
IMG_9279_jpg.rf.ae7a6c23f34147d429ce7402517b0d01.jpg 99,206,186,260,0
PXL_20210225_103218302_jpg.rf.c39e9473ff4da1d9a13eb10e47c44925.jpg 106,166,153,210,3 259,162,324,214,6
PXL_20210219_174627960_jpg.rf.b32cc53f00bca65de99d9763ba2974fd.jpg 184,206,276,256,0 69,256,170,314,0 154,129,297,147,1
08050_mb_may_2019_blog_potholesissues5_jpg.rf.bc916264fb70bd29086d1ea264300a93.jpg 55,123,388,367,5
PXL_20210303_011341688_jpg.rf.b8e798095e0ac44d75df16f30a97d122.jpg 81,253,320,284,1
IMG_9343_jpg.rf.cb96b76956b192f97898ecd0a259dc40.jpg 31,182,186,245,2
PXL_20210302_133836341_jpg.rf.c8a952841bd9c93ee93cea7f0806a77f.jpg 115,205,306,224,1
PXL_20210226_183158898_jpg.rf.c7969e0adee2cdde0d8fdbbb7041408c.jpg 152,238,247,280,2
PXL_20210226_181903804_jpg.rf.d2441df0ae4a0061c2f83e4ec36d0b92.jpg 113,204,330,250,1
PXL_20210226_000048640_jpg.rf.bcb8e405baf226100613c0ede084c895.jpg 49,216,327,243,1
PXL_20210219_174532326_jpg.rf.cbf11026640a604a7497b4f8dbf52ba2.jpg 47,211,411,244,1
1200px-Pram_Ramp_jpg.rf.cc9c10a566a584e785b0d1e639a93234.jpg 255,210,361,264,6 45,212,154,264,3
PXL_20210225_102221165_jpg.rf.cec73a0a4c14a6489e9de18f4d7082dd.jpg 80,194,160,252,8 156,225,259,309,8
IMG_9467_jpg.rf.c590382d60006b77096aabaf19f9799a.jpg 113,219,351,242,1
PXL_20210222_165342207_jpg.rf.cf8b7ed189451f15913bc5866492c948.jpg 55,201,286,217,1
PXL_20210316_123342785_jpg.rf.c05d56db7b8ec1bc63c86a472c54c8d2.jpg 235,222,239,226,7 252,233,259,237,7 92,251,103,260,7
PXL_20210222_164946950_jpg.rf.cfb521b9425286307549c4151fcc5181.jpg 8,221,286,252,1
IMG_9411_jpg.rf.b55654671b19d4b3fdba4b05dd54ccb7.jpg 184,219,216,245,2
curb_cut_jpg.rf.cea93619911861d43f9e58b5e920a1ba.jpg 250,171,302,225,6 146,222,216,271,3
IMG_20210305_142538_jpg.rf.cdc81968a67e562a499aa287f92b9722.jpg 49,195,375,229,1 182,205,221,234,2